0,0,0,1,0,2,0,3,0,4,0,5,0,6,0,7,0,8,0,9,0,10,0,11,0,12,0,13,0,14,0,15,0,16,0,17,0,18,0,19,0,20,0,21,0,22,0,23,0,24,0,25,0,26,0,27,0,28,0,29,0,30,0,31,0,32,0,33,0,34,0,35,0,36,0,37,0,38,0,39,0,40,0,41,0,42,0,43,0,44,0,45,0,46,0,47,0,48,0,49,0,50,0,51,0,52,0,53,0,54,0,55,1,55,2,55,3,55,4,55,5,55,6,55,7,55,8,55,9,55,10,55,11,54,12,54,13,54,14,54,15,54,16,53,17,53,18,53,19,53,20,52,21,52,22,51,23,51,24,50,25,50,26,49,27,49,28,48,29,47,30,47,31,46,32,45,33,44,34,43,35,42,36,41,37,40,37,39,38,38,39,37,39,36,40,35,40,34,40,33,41,32,41,31,41,30,42,29,42,28,42,27,42,26,42,25,42,24,42,23,42,22,42,21,42,20,41,19,41,18,41,17,41,16,40,15,40,14,39,13,39,12,39,11,38,10,37,9,37,8,36,7,35,6,34,5,33,4,32,3,31,2,30,1,29,1,28,0,27,0,26,0,25,0,24,0,23,0,22,0,21,0,20,0,19,0,18,0,17,0,16,0,15,0,14,0,13,0,12,0,11,0,10,0,9,0,8,0,7,0,6,0,5,0,4,0,3,0,2,0,1,0,0,0,0,1,0,2,0,3,0,4,0,5,0,6,0,7,0,8,0,9,0,10,0,11,0,12,0,13,0,14,0,15,0,16,0,17,0,18,0,19,0,20,0,21,0,22,0,23,0,24,0,25,0,26,0,27,0,28,0,29,0,30,0,31,0,32,0,33,0,34,0,35,0,36,0,37,0,38,0,39,0,40,0,41,0,42,0,43,0,44,0,45,0,46,0,47,0,48,0,49,0,50,0,51,0,52,0,53,0,54,0,55;
0,532,0,533,0,534,0,535,0,536,0,537,0,538,0,539,0,540,0,541,0,542,0,543,0,544,0,545,1,546,2,547,3,548,4,548,5,549,6,550,7,551,8,552,9,552,10,553,11,554,12,555,13,555,14,556,14,557,14,558,14,559,14,560,14,561,14,562,14,563,14,564,14,565,14,566,14,567,14,568,15,568,16,568,17,568,18,568,19,568,20,568,21,568,22,568,23,568,24,568,25,568,26,568,27,568,28,568,29,568,30,568,31,568,32,568,33,568,34,568,35,568,36,568,37,568,38,568,39,568,40,568,41,568,42,568,43,568,44,568,45,568,46,568,47,568,48,568,49,568,50,568,51,568,52,568,53,568,54,568,55,568,56,568,57,568,58,568,58,567,58,566,58,565,58,564,58,563,58,562,58,561,58,560,58,559,58,558,58,557,58,556,59,555,60,555,61,554,62,553,63,552,64,552,65,551,66,550,67,549,68,549,69,548,70,547,71,546,72,545,73,545,74,544,75,543,76,542,77,542,78,541,79,540,79,539,79,538,78,537,77,536,76,535,75,535,74,534,73,533,72,532,71,531,70,531,69,530,68,529,67,528,66,527,65,527,64,526,63,525,62,524,61,523,60,522,59,522,58,521,58,520,58,519,58,518,58,517,58,516,58,515,58,514,58,513,58,512,58,511,58,510,58,509,58,508,58,507,58,506,58,505,58,504,58,503,58,502,58,501,58,500,58,499,58,498,58,497,58,496,58,495,58,494,58,493,57,492,56,492,55,492,54,493,53,494,52,494,51,495,50,496,49,496,48,497,47,498,46,499,45,499,44,500,43,501,42,501,41,502,40,503,39,503,38,504,37,505,36,505,35,505,34,504,33,503,32,503,31,502,30,501,29,501,28,500,27,499,26,498,25,498,24,497,23,496,22,496,21,495,20,494,19,494,18,493,17,492,16,492,15,492,14,493,14,494,14,495,14,496,14,497,14,498,14,499,14,500,14,501,14,502,14,503,14,504,14,505,14,506,14,507,14,508,14,509,14,510,14,511,14,512,14,513,14,514,14,515,14,516,14,517,14,518,14,519,14,520,14,521,13,522,12,523,11,523,10,524,9,525,8,526,7,527,6,527,5,528,4,529,3,530,2,531,1,531;
43,254,44,254,45,254,46,254,47,254,48,254,49,254,50,254,51,254,52,254,53,254,54,254,55,254,56,254,57,254,58,254,59,254,60,254,61,254,62,254,63,254,64,254,65,254,66,254,67,254,68,254,69,254,70,254,71,254,72,254,73,254,74,254,75,254,76,254,77,254,78,254,79,254,80,254,81,254,82,254,83,254,84,254,85,254,86,254,87,254,88,254,89,254,90,255,91,255,92,255,93,255,94,255,95,255,96,255,97,255,98,255,99,255,100,255,101,255,102,255,103,255,104,255,105,255,106,255,107,255,108,255,109,255,110,255,111,255,112,255,113,255,114,255,115,255,116,255,117,255,118,255,119,255,120,256,121,256,122,256,123,256,124,256,125,256,126,256,127,256,128,256,129,256,130,256,131,256,132,256,133,256,134,256,135,256,136,257,137,257,138,257,139,257,140,257,141,257,142,257,143,257,144,258,145,258,146,258,147,258,148,259,149,259,150,259,151,259,152,260,152,261,153,261,154,261,155,261,156,261,157,261,158,261;
68,352;
88,409;
93,201;
142,291;
144,257;
151,451,151,452,151,453,151,454,151,455,151,456,151,457,151,458,151,459,151,460,151,461,151,462,151,463,151,464,151,465,151,466,151,467,151,468,151,469,151,470,151,471,151,472,151,473,151,474,151,475,151,476,151,477,152,478,152,479,152,480,152,481,152,482,152,483,152,484,152,485,152,486,152,487,152,488,152,489,152,490,152,491,152,492,152,493,152,494,152,495,152,496,152,497,152,498,152,499,152,500,152,501,152,502,152,503,152,504,152,505,152,506,152,507,152,508,152,509,152,510,152,511,152,512,152,513,152,514,152,515,152,516,152,517,152,518,152,519,152,520,152,521,152,522,152,523,152,524,152,525,152,526,152,527,152,528,153,529,153,530,153,531,153,532,153,533,153,534,153,535,153,536,153,537,153,538,153,539,153,540,153,541,153,542,153,543,153,544,153,545,153,546,153,547,153,548,153,549,153,550,153,551,153,552,153,553,153,554,153,555,153,556,153,557,153,558,153,559,153,560,153,561,153,562,153,563,153,564,153,565,153,566,153,567,153,568,154,568,155,568,156,568,157,568,157,567,157,566,157,565,157,564,157,563,157,562,157,561,157,560,157,559,157,558,157,557,157,556,157,555,157,554,157,553,157,552,157,551,157,550,157,549,157,548,157,547,157,546,157,545,157,544,157,543,157,542,157,541,157,540,157,539,157,538,157,537,157,536,157,535,157,534,157,533,157,532,157,531,157,530,157,529,156,528,156,527,156,526,156,525,156,524,156,523,156,522,156,521,156,520,156,519,156,518,156,517,156,516,156,515,156,514,156,513,156,512,156,511,156,510,156,509,156,508,156,507,156,506,156,505,156,504,156,503,156,502,156,501,156,500,156,499,156,498,156,497,156,496,156,495,156,494,156,493,156,492,156,491,156,490,156,489,156,488,156,487,156,486,156,485,156,484,156,483,156,482,156,481,156,480,156,479,156,478,155,477,155,476,155,475,155,474,155,473,155,472,155,471,155,470,155,469,155,468,155,467,155,466,155,465,155,464,155,463,155,462,155,461,155,460,155,459,155,458,155,457,155,456,155,455,155,454,155,453,155,452,155,451,154,450,153,450,152,450;
152,259;
191,333,191,334,192,335,193,336,194,336,195,337,196,337,197,337,198,338,199,338,200,339,201,339,202,339,203,340,204,340,205,341,206,341,207,341,208,342,209,342,210,343,211,343,212,344,213,344,214,344,215,345,216,345,217,346,218,346,219,346,220,347,221,347,222,348,223,348,224,348,225,349,226,349,227,350,228,350,229,350,230,351,231,351,232,352,233,352,234,353,235,353,236,353,237,354,238,354,239,355,240,355,241,355,242,356,243,356,244,357,245,357,246,357,247,358,248,358,249,359,250,359,251,360,252,360,253,360,254,361,255,361,256,362,257,362,258,362,259,363,260,363,261,364,262,364,263,364,264,365,265,365,266,366,267,366,268,367,269,367,270,367,271,368,272,368,273,369,274,369,275,369,276,370,277,370,278,370,279,369,279,368,279,367,279,366,279,365,279,364,279,363,279,362,279,361,279,360,279,359,279,358,279,357,279,356,279,355,279,354,280,353,281,353,282,353,283,353,284,353,285,353,286,353,287,353,288,353,289,353,290,353,291,353,292,353,293,353,294,353,295,353,296,353,297,353,298,353,299,353,300,353,301,353,302,353,303,353,304,353,305,353,306,353,307,353,308,353,309,353,310,353,311,353,312,353,313,353,314,353,315,353,316,353,317,353,318,353,319,353,320,353,321,353,322,353,322,352,322,351,322,350,322,349,322,348,322,347,322,346,322,345,322,344,322,343,322,342,322,341,322,340,322,339,322,338,322,337,322,336,322,335,322,334,322,333,322,332,322,331,322,330,322,329,322,328,322,327,322,326,322,325,322,324,322,323,322,322,322,321,322,320,322,319,322,318,322,317,322,316,322,315,322,314,321,314,320,314,319,314,318,314,317,314,316,314,315,314,314,314,313,314,312,314,311,314,310,314,309,314,308,314,307,314,306,314,305,314,304,314,303,314,302,314,301,314,300,314,299,314,298,314,297,314,296,314,295,314,294,314,293,314,292,314,291,314,290,314,289,314,288,314,287,314,286,314,285,314,284,314,283,314,282,314,281,314,280,314,279,313,279,312,279,311,279,310,279,309,279,308,279,307,279,306,279,305,279,304,279,303,279,302,279,301,279,300,279,299,279,298,278,297,277,297,276,297,275,298,274,298,273,298,272,299,271,299,270,300,269,300,268,300,267,301,266,301,265,302,264,302,263,303,262,303,261,303,260,304,259,304,258,305,257,305,256,305,255,306,254,306,253,307,252,307,251,307,250,308,249,308,248,309,247,309,246,310,245,310,244,310,243,311,242,311,241,312,240,312,239,312,238,313,237,313,236,314,235,314,234,314,233,315,232,315,231,316,230,316,229,317,228,317,227,317,226,318,225,318,224,319,223,319,222,319,221,320,220,320,219,321,218,321,217,321,216,322,215,322,214,323,213,323,212,323,211,324,210,324,209,325,208,325,207,326,206,326,205,326,204,327,203,327,202,328,201,328,200,328,199,329,198,329,197,330,196,330,195,330,194,331,193,331,192,332;
238,91,238,92,238,93,239,94,239,95,239,96,240,97,240,98,240,99,241,100,241,101,242,102,242,103,242,104,243,105,243,106,243,107,244,108,244,109,244,110,245,111,245,112,246,113,246,114,246,115,247,116,247,117,247,118,248,119,248,120,248,121,249,122,249,123,250,124,250,125,250,126,251,127,251,128,251,129,252,130,252,131,253,132,253,133,253,134,254,135,254,136,254,137,255,138,255,139,255,140,256,141,256,142,257,143,257,144,257,145,258,146,258,147,258,148,259,149,259,150,260,151,261,152,262,152,263,151,264,151,265,150,266,149,267,149,268,148,269,148,270,147,271,146,272,146,273,145,274,144,275,144,276,143,277,143,278,142,279,141,280,141,281,140,282,139,283,139,284,138,285,137,286,137,287,136,288,136,289,135,290,134,291,134,292,133,293,132,294,132,295,131,296,130,297,130,298,129,298,128,298,127,298,126,298,125,298,124,298,123,298,122,298,121,298,120,298,119,298,118,298,117,298,116,298,115,298,114,298,113,298,112,298,111,298,110,298,109,298,108,298,107,298,106,298,105,298,104,298,103,298,102,298,101,298,100,298,99,298,98,298,97,298,96,298,95,298,94,298,93,298,92,298,91,298,90,298,89,298,88,298,87,298,86,298,85,298,84,298,83,298,82,298,81,298,80,298,79,298,78,298,77,298,76,298,75,298,74,298,73,298,72,298,71,298,70,298,69,298,68,298,67,298,66,298,65,298,64,298,63,298,62,298,61,298,60,298,59,298,58,298,57,298,56,298,55,297,54,296,54,295,53,294,52,293,52,292,51,291,50,290,50,289,49,288,49,287,48,286,47,285,47,284,46,283,45,282,45,281,44,280,43,279,43,278,42,277,42,276,41,275,40,274,40,273,39,272,38,271,38,270,37,269,36,268,36,267,35,266,35,265,34,264,33,263,33,262,32,261,32,260,32,260,33,259,34,259,35,258,36,258,37,258,38,257,39,257,40,257,41,256,42,256,43,255,44,255,45,255,46,254,47,254,48,254,49,253,50,253,51,253,52,252,53,252,54,251,55,251,56,251,57,250,58,250,59,250,60,249,61,249,62,249,63,248,64,248,65,247,66,247,67,247,68,246,69,246,70,246,71,245,72,245,73,244,74,244,75,244,76,243,77,243,78,243,79,242,80,242,81,242,82,241,83,241,84,240,85,240,86,240,87,239,88,239,89,239,90;
259,539,259,540,259,541,259,542,259,543,259,544,259,545,259,546,259,547,259,548,259,549,259,550,259,551,259,552,259,553,259,554,259,555,259,556,259,557,259,558,260,559,260,560,260,561,260,562,260,563,260,564,260,565,261,566,261,567,261,568,262,568,263,568,264,568,265,568,266,568,267,568,268,568,269,568,270,568,271,568,272,568,273,568,274,568,275,568,276,568,277,568,278,568,279,568,280,568,281,568,282,568,283,568,284,568,285,568,286,568,287,568,288,568,289,568,290,568,291,568,292,568,293,568,294,568,295,568,296,568,297,568,298,568,299,568,300,568,301,568,302,568,303,568,304,568,305,568,306,568,307,568,308,568,309,568,310,568,311,568,312,568,313,568,314,568,315,568,316,568,317,568,318,568,319,568,320,568,321,568,322,568,322,567,322,566,322,565,322,564,322,563,322,562,322,561,322,560,322,559,322,558,322,557,322,556,322,555,322,554,322,553,322,552,322,551,322,550,322,549,322,548,322,547,322,546,322,545,322,544,322,543,322,542,322,541,322,540,322,539,322,538,322,537,322,536,322,535,322,534,322,533,322,532,322,531,322,530,322,529,322,528,322,527,322,526,322,525,322,524,322,523,322,522,322,521,322,520,322,519,322,518,322,517,322,516,322,515,322,514,322,513,322,512,322,511,322,510,322,509,322,508,322,507,322,506,322,505,322,504,322,503,322,502,322,501,322,500,322,499,322,498,322,497,321,496,321,495,320,494,319,493,318,492,317,491,316,490,315,489,314,488,313,487,312,487,311,486,310,485,309,485,308,484,307,484,306,484,305,483,304,483,303,483,302,482,301,482,300,482,299,482,298,482,297,482,296,482,295,482,294,482,293,482,292,483,291,483,290,483,289,484,288,484,287,485,286,485,285,486,284,486,283,487,282,487,281,488,280,489,279,490,278,491,277,492,276,493,275,494,275,495,274,496,273,497,272,498,272,499,271,500,271,501,270,502,269,503,269,504,268,505,268,506,267,507,267,508,267,509,266,510,266,511,265,512,265,513,265,514,264,515,264,516,264,517,263,518,263,519,263,520,263,521,262,522,262,523,262,524,262,525,261,526,261,527,261,528,261,529,261,530,261,531,260,532,260,533,260,534,260,535,260,536,260,537,260,538;
